2 14400
6 561600
10 3153600
14 7637900
18 10459700
22 6354800
26 16581200
30 20296900
34 47241900
38 74716700
42 128192300
46 179979800
50 299827100
54 560206400
58 749736100
62 1034401300
66 1558683500
70 1973698900
74 2809879800
78 3745802300
82 5079377800
86 6234077200
90 7881729300
94 11108099700
98 12481324400
102 17517898500
106 21275863800
110 26564500100
114 32684308800
118 40192274400
122 49010276100
126 57752122900
130 68486135200
134 78410498200
138 95889942100
142 117409964600
146 133767507500
150 155483883000
154 187678031700
158 208498715300
162 238069727500
166 293870980500
170 348775114700
174 341103342100
178 370584494800
182 457280140200
186 441192432400
190 582309206000
194 564164564900
198 725873955600
202 847984393700
206 1015600703700
210 840792586500
214 1006496241600
218 1105561984300
222 1556315823800
226 1403937032000
230 1954339950800
234 1880782268701
238 2452250778500
242 2111822708500
246 2085515780500
250 2391967450400
254 3169253697600
258 3019566883900
262 3100579319100
