2 16500
2 7999
6 443000
6 178100
6 542499
6 469700
6 196800
6 55400
10 744601
10 900700
10 732200
10 864600
10 746700
10 950300
10 903800
10 784199
10 1426000
10 1370700
14 6388899
14 7038600
14 5865600
14 3201099
14 1442900
14 668400
14 439400
14 810100
14 607400
14 456600
14 537899
14 496800
14 554101
14 956700
18 2124900
18 3085000
18 1913100
18 2387400
18 1554400
18 2060801
18 1994501
18 4562400
18 2544201
18 1890300
18 3130800
18 1698000
18 1508200
18 1784401
18 1664101
18 3034800
18 1760301
18 1647800
22 6124401
22 11030700
22 7688899
22 12061201
22 6353500
22 5662901
22 4901699
22 4650801
22 4631801
22 5582600
22 4656500
22 5912900
22 7187699
22 4456801
22 12845399
22 5167000
22 4483200
22 11049199
22 8030000
22 3992700
22 5468100
22 4531000
26 11774300
26 9758700
26 11568700
26 8217001
26 11904999
26 7632101
26 8840199
26 10744500
26 10197100
26 11684899
26 9867600
26 23663800
26 17169900
26 18474599
26 9813599
26 10027101
26 12474100
26 7242799
26 11283101
26 11701500
26 13236401
26 9630500
26 14285199
26 12089201
26 10294200
26 13226799
30 102949700
30 29525500
30 37971400
30 28045299
30 37404400
30 32429600
30 22111200
30 33169200
30 24185100
30 31786900
30 27323200
30 30609499
30 27250300
30 29426900
30 18074500
30 26352700
30 42715300
30 22957300
30 23450800
30 32161800
30 27836501
30 30383700
30 39859800
30 24538300
30 26078800
30 25107801
30 27106500
30 33192500
30 30381599
30 24491700
34 53162000
34 57409199
34 42404300
34 48567099
34 45523099
34 40932000
34 40395901
34 34636300
34 45292799
34 58261700
34 82204700
34 40922800
34 35880000
34 61894200
34 48649500
34 35566999
34 35079600
34 48080999
34 39097800
34 47872501
34 36121900
34 46011300
34 54680200
34 39817700
34 73563099
34 46601600
34 54464900
34 47246399
34 36257201
34 44693301
34 49518000
34 46982500
34 45296001
34 43945400
38 80902300
38 85110500
38 90395100
38 78232100
38 80970200
38 83757000
38 79244499
38 135107001
38 79922000
38 84541100
38 88145800
38 136080601
38 81917601
38 83165299
38 93838901
38 101035100
38 81495200
38 81514701
38 104882700
38 89992500
38 85970899
38 79970900
38 93925999
38 80359100
38 87675100
38 84443300
38 115883800
38 94714801
38 72318400
38 85008100
38 75290600
38 82098601
38 76543399
38 85822000
38 81144500
38 91029700
38 88903800
38 90337800
42 118238399
42 132524900
42 106425600
42 149177300
42 109457401
42 116599901
42 96367600
42 119363499
42 105286900
42 112404201
42 151466301
42 104377000
42 110634400
42 104496400
42 118474300
42 107193899
42 105412300
42 119049200
42 218871699
42 112266400
42 153620599
42 126476100
42 106898400
42 108919899
42 107849000
42 115364400
42 125092500
42 114028000
42 106792200
42 147543899
42 175162201
42 134904400
42 144806701
42 141076000
42 121842501
42 117802200
42 150565200
42 145028800
42 109741700
42 166495400
42 118505900
42 141589300
46 245859300
46 237198401
46 237833200
46 254686900
46 244653401
46 222307300
46 319995200
46 215090100
46 220891199
46 235986701
46 253122899
46 243146799
46 255495701
46 291734100
46 211877800
46 247101700
46 215930601
46 197036300
46 232962000
46 196666401
46 202257800
46 202331599
46 261740200
46 233834100
46 231123101
46 234523000
46 220341900
46 201663600
46 320575700
46 213816100
46 241012200
46 250834500
46 213368999
46 230584200
46 229137599
46 209450900
46 237759699
46 222263799
46 269131800
46 233208799
46 224799299
46 205236899
46 234878900
46 239636100
46 218386301
46 226860200
50 355283300
50 296659200
50 338399500
50 316852100
50 335404601
50 268469101
50 324117000
50 369479300
50 259720700
50 266128200
50 276416099
50 296167800
50 337094900
50 316154300
50 282986000
50 365545199
50 344649799
50 314475000
50 272608999
50 319016500
50 269359300
50 271124301
50 258286399
50 313223701
50 308364799
50 309405500
50 290571100
50 287298900
50 291361001
50 307601800
50 343616200
50 339000600
50 287819400
50 307469700
50 254587501
50 296207399
50 330018900
50 317121199
50 450053900
50 356547701
50 343086300
50 329879400
50 422491399
50 357904699
50 336853900
50 346973900
50 349002100
50 396995600
50 332021100
50 339625699
54 657956200
54 628256600
54 672296599
54 643093001
54 646927499
54 624983599
54 788049000
54 624194901
54 684236800
54 676274700
54 569063699
54 561478600
54 505874800
54 548703400
54 519307600
54 541194999
54 581523400
54 557218400
54 554776200
54 544884600
54 666872700
54 722641300
54 576892599
54 556700101
54 671880800
54 619880899
54 555054899
54 551317200
54 738748701
54 520955099
54 620597400
54 586049601
54 616537000
54 687782600
54 613233399
54 573529500
54 508221201
54 513430200
54 621526700
54 553443400
54 708106600
54 672880300
54 550996900
54 622496399
54 563622800
54 685534800
54 570338601
54 506639901
54 558678300
54 542915001
54 582733100
54 669041700
54 545560700
54 675480001
58 697177200
58 729847799
58 751756400
58 620327700
58 686516000
58 744389201
58 717854299
58 632842999
58 659406200
58 703039000
58 695063500
58 928688500
58 705863901
58 679426201
58 715606201
58 789194300
58 693935699
58 669445000
58 689115500
58 760521301
58 720128900
58 718241400
58 676613700
58 819238201
58 616509301
58 686328900
58 742775999
58 770339600
58 662297700
58 717022499
58 775209301
58 767317300
58 620530401
58 672933001
58 747656600
58 781690500
58 876477399
58 640539200
58 676268200
58 789843200
58 777875901
58 639497400
58 1018580299
58 710650800
58 701951199
58 803860099
58 717806700
58 756451900
58 846171901
58 705032801
58 617035700
58 616877300
58 629928400
58 619116000
58 634116000
58 728828200
58 669928699
58 642710500
62 2251225600
62 1961403500
62 1702966200
62 1780704200
62 1786455800
62 1626294500
62 1997301100
62 1716378001
62 1780982300
62 1548025900
62 1666819101
62 1701885499
62 1681188100
62 1423385800
62 1739784999
62 1649046999
62 1575010201
62 1546750001
62 1615844000
62 1564929099
62 1739810701
62 1731270701
62 1456146900
62 1614323800
62 1649135599
62 1715363800
62 1489937799
62 1513071600
62 1617678701
62 1664903499
62 1730908600
62 1922155201
62 1907961000
62 2186782100
62 1754698800
62 1977961300
62 1783667899
62 1616876699
62 1857263399
62 1999000500
62 1908961300
62 1798797700
62 1798880799
62 1956148500
62 1892470101
62 1799471400
62 1703726399
62 1676635000
62 1718315200
62 1787155599
62 1798519099
62 2444991000
62 1668193699
62 1808463101
62 1793464100
62 1560940701
62 1808034400
62 1709640601
62 1511159300
62 1690070800
62 1583461900
62 2169719900
66 2109760700
66 2091159299
66 2128673100
66 2310348501
66 1973767400
66 1926076800
66 1975350201
66 2003867100
66 2047922899
66 2017393400
66 1960371699
66 2129308400
66 1986598600
66 1967584600
66 1781918800
66 1962471800
66 2041882700
66 1825752200
66 2010672300
66 2338640800
66 1923176000
66 1895378700
66 1990300000
66 1952518499
66 1961075300
66 2086037700
66 1908488400
66 1868823200
66 2226021600
66 2149888500
66 1828248601
66 2072817800
66 2004115500
66 1931588100
66 1782680599
66 1798101699
66 1654488600
66 1876942700
66 1820131300
66 1816236301
66 2082019501
66 2474095300
66 2544029799
66 2186389401
66 2323501300
66 1936844200
66 2257251699
66 1953110199
66 1995829001
66 2050925900
66 2024904201
66 2102181400
66 2241618101
66 2092079101
66 1932503200
66 1991398099
66 2077631000
66 2043500301
66 2016508701
66 1991406100
66 1984428700
66 1901330400
66 2019992400
66 1852573000
66 2057908101
66 2147899601
70 3466176500
70 3588357900
70 3358424600
70 3065290700
70 3433329100
70 3459351600
70 3353917900
70 3193213801
70 3199501699
70 3536515699
70 3567476301
70 3156675300
70 3082014101
70 3098017700
70 3230626299
70 3313966901
70 3387437700
70 3427059700
70 3199795599
70 2954416299
70 3170545201
70 3234877100
70 3503344100
70 3439829701
70 2900247100
70 3167039100
70 3336838700
70 3076872099
70 3403310899
70 3123105200
70 3387071599
70 3148710500
70 3283745900
70 3257113000
70 3155623300
70 3202467100
70 3180796800
70 2984194700
70 3017341200
70 3224512101
70 2801972299
70 3119934099
70 3038131400
70 3205549500
70 3093282800
70 3294835999
70 3067141000
70 3121507600
70 2990899900
70 3025224300
70 3324013400
70 3433610000
70 2893739001
70 3287649600
70 2968208500
70 2955892000
70 2838808400
70 3040590100
70 2929238000
70 3003271100
70 2824192199
70 3290333900
70 3185349100
70 3067956501
70 2915849500
70 3034711300
70 3283009100
70 2767973699
70 3169583600
70 3061068699
74 3857546200
74 3470874200
74 3520235400
74 3385373600
74 3811044700
74 3648355601
74 3470375100
74 3480181899
74 3898977900
74 3453794800
74 3684277900
74 3782255700
74 4837271500
74 5319006599
74 3484995800
74 3529608999
74 3655544101
74 3623991100
74 3806667201
74 3349874899
74 3661836200
74 3810118100
74 3632657299
74 3611157500
74 3246485700
74 3514151800
74 3488894299
74 3608271400
74 3423889899
74 3427510400
74 3706938600
74 4124287300
74 3764673800
74 3268691200
74 3521218500
74 3513910899
74 3599151499
74 3903124000
74 3439207200
74 3281355901
74 3337899900
74 3302551100
74 3623087900
74 3806791401
74 3522051101
74 3651573100
74 3601306800
74 3605444500
74 3652787301
74 3700765900
74 3593965399
74 3350852900
74 3340216400
74 3074513600
74 3313538899
74 3144171600
74 3494531301
74 3578719700
74 3437087200
74 3081013301
74 3459995100
74 3621390500
74 2985595101
74 3360025800
74 3227836300
74 3222895000
74 3150420500
74 3532619300
74 3113852500
74 3128774699
74 3421035700
74 3120233300
74 3536790899
74 3481425800
78 4628473600
78 5172348600
78 5174324100
78 4184230500
78 4271228600
78 4565444300
78 4407798500
78 4860779200
78 4766506500
78 4466609400
78 4419936200
78 4365898300
78 4726990300
78 4430964400
78 4150185800
78 4373228300
78 4555157100
78 4628778800
78 4674952300
78 4931954500
78 4040500600
78 4504381800
78 4566174200
78 4293515600
78 4615201900
78 5130740000
78 4430238600
78 4836550600
78 4516325100
78 4711932600
78 4350450800
78 4863172600
78 4231018100
78 4604051800
78 4414498300
78 4208101400
78 4295770400
78 4409248500
78 4581424500
78 4598194800
78 4505793700
78 5012151100
78 4484053200
78 4698946700
78 4639650800
78 4424185600
78 4458987300
78 4342313700
78 4644406400
78 4542339100
78 4399872800
78 4544835600
78 4605225700
78 4593507800
78 4477680200
78 4483029500
78 4845651400
78 4660992300
78 4944752400
78 5002487500
78 4568809400
78 4230665100
78 4531099600
78 4253348600
78 4338427700
78 4279084800
78 5355318600
78 6336290500
78 5970978000
78 5868136500
78 4947888800
78 5048452800
78 4917743300
78 4618006400
78 5043306800
78 4746926800
78 4259097400
78 4475272700
82 6656188400
82 7520535400
82 5660284400
82 5286575800
82 5640698000
82 4867485100
82 4748769100
82 5064738400
82 5753987200
82 5037528900
82 5803637500
82 5507985100
82 4772499900
82 4918824400
82 4964333300
82 5126723800
82 6217934700
82 5241759900
82 6124575800
82 5951053500
82 4765235000
82 6316192100
82 5157179000
82 5033896800
82 5163326600
82 5099935600
82 5266786700
82 5980930800
82 5036611800
82 5366870300
82 5445083100
82 4991686300
82 5276293900
82 4757867800
82 5058043500
82 5542536200
82 5077412000
82 5624728100
82 5400299100
82 5307308900
82 5233820200
82 5752794100
82 5249377500
82 6434369400
82 4884730700
82 5321481000
82 5130008900
82 5155395100
82 5038687800
82 4904670400
82 5216834000
82 5189982000
82 4924856600
82 5192485300
82 5190679600
82 5227872800
82 4675417700
82 4886848400
82 5221152500
82 4958885000
82 5243394100
82 4938558400
82 5600981000
82 5908246300
82 5545668500
82 5806633300
82 5217386700
82 4948822100
82 5091141000
82 5203052000
82 5126040200
82 5968140800
82 5162899100
82 5144467200
82 5578752100
82 5336291600
82 5089987300
82 5064365100
82 4850214900
82 4971109900
82 5667602200
82 5896741100
86 7564788400
86 7482692600
86 7211500900
86 7417664700
86 7279367400
86 7672224000
86 7754759600
86 7297676900
86 7136052800
86 7512080200
86 7662785700
86 7265568400
86 7327926300
86 7467889500
86 6728282500
86 7180987200
86 7413374500
86 7209598300
86 7006907800
86 7310002900
86 7454332200
86 6889277600
86 7412632800
86 6871871300
86 7043148700
86 7751603900
86 6771216200
86 7031557700
86 7314621800
86 7214597000
86 6941379100
86 7399200900
86 7810758300
86 7184234600
86 7668206600
86 7090063000
86 7166682100
86 6851690700
86 7243977600
86 7615152800
86 7462482700
86 7346377200
86 7639297900
86 6684026700
86 6911004000
86 6933459000
86 7533507600
86 7342886200
86 7112972900
86 7386729300
86 7690133200
86 7642678300
86 7453484700
86 7094040400
86 7409054100
86 7460507300
86 7552078500
86 7462905500
86 6904646800
86 7462466500
86 7448579500
86 7147892400
86 7224110000
86 7147217000
86 7116382800
86 7142034000
86 7407019100
86 7541907500
86 6986690900
86 6827220700
86 7490949900
86 7451196900
86 7208103800
86 7141152900
86 7366251400
86 7324096500
86 7194090900
86 7337589100
86 7292249800
86 7686473700
86 7038744700
86 7124998300
86 7392178400
86 7119346200
86 7491781000
86 7040499600
90 8288716100
90 8073195700
90 8287351800
90 8090504000
90 8166453500
90 8036327000
90 8348827400
90 9041073500
90 8469304500
90 8181824800
90 8498369400
90 8246028800
90 8852369500
90 8256131300
90 8246191800
90 7293165900
90 8485574700
90 8376511200
90 8329786600
90 9017194000
90 9799118100
90 8458305000
90 8283899000
90 8341174800
90 8577751200
90 7906113600
90 8273275300
90 8641393500
90 8775391100
90 8320608300
90 8809670200
90 8260488300
90 9500799800
90 8025609400
90 8490808800
90 9519730800
90 7743862500
90 8891704200
90 8195435500
90 7891006300
90 9075387200
90 8571816000
90 9278586400
90 8667978600
90 8894171400
90 8269511700
90 7521499300
90 7593381200
90 8185940000
90 8291411800
90 9407835700
90 8453986400
90 8703405200
90 8736027300
90 9165710100
90 8864063300
90 8075627900
90 8106344000
90 7983037800
90 9585535900
90 8179734200
90 8430034900
90 8261246800
90 8007816200
90 9435558700
90 8720141300
90 8450998300
90 8191053000
90 8692040900
90 8554978500
90 7898575400
90 8515521800
90 8681362500
90 8347643900
90 8682167500
90 9005863700
90 8665136300
90 7991850200
90 8711569600
90 9275805100
90 8368534300
90 8414460700
90 8510064600
90 8084175400
90 8567612200
90 8477008800
90 9059841500
90 8661811100
90 8872864200
90 9152192900
94 11832125800
94 11295515600
94 11724591500
94 11906769600
94 11751345000
94 11484528200
94 11366311000
94 11462773700
94 11176884700
94 12213190300
94 11024643100
94 11655166600
94 11912422300
94 11113692800
94 11744317600
94 11202076000
94 11078782000
94 12263504500
94 11584985900
94 12047507600
94 10973217700
94 11597978200
94 12670086900
94 12043132200
94 11654063400
94 12199065900
94 11214111600
94 12070127300
94 11491655900
94 11340996300
94 12369816900
94 12105893800
94 11929061500
94 10856298900
94 11718553600
94 11381018800
94 11222939700
94 11723042900
94 11686484400
94 11978221900
94 11802471100
94 12579684400
94 11823513300
94 12105061900
94 12367458300
94 11992696500
94 11761656200
94 11691705100
94 12359319999
94 11315712900
94 11193541601
94 11583745300
94 12341850901
94 12151139700
94 12000921899
94 11523239100
94 11894952801
94 12086393600
94 12099344299
94 11497890100
94 12013091100
94 11225853900
94 12828593600
94 11645626700
94 11437212700
94 11511748000
94 12112413400
94 11750587599
94 11758131099
94 11601913300
94 11976666501
94 11387013000
94 11708400599
94 11399547600
94 11765355901
94 12081391300
94 12025579001
94 11881391101
94 11567849600
94 12564096901
94 11079854000
94 11546136501
94 11675931700
94 11513866600
94 11426492400
94 12615762400
94 11976209801
94 12338640401
94 11819592900
94 12083318700
94 11629618301
94 11203311100
94 11574662399
94 11298483000
98 12453498800
98 15207932299
98 16817448300
98 16067953501
98 16258400000
98 19045555100
98 18189880100
98 16282936400
98 17025718500
98 16454196600
98 16745004500
98 16528612000
98 17511926700
98 17264951500
98 16639878200
98 16421616800
98 17018928900
98 17874615900
98 16114846800
98 17934689500
98 17320961300
98 18169841900
98 16972924800
98 16787231600
98 17408250900
98 16864464200
98 17270229500
98 18274281200
98 16610613500
98 17428068400
98 16721829500
98 16882819500
98 16713540500
98 16745567300
98 17107067600
98 16304035000
98 16633278300
98 16407499900
98 17747451600
98 15867973500
98 16497788400
98 16405549800
98 17199998300
98 16857377400
98 16119553800
98 16847186500
98 17602963400
98 16393491700
98 16087121500
98 16646714500
98 17249207800
98 16799494500
98 18074841200
98 17771335600
98 17283260200
98 17600996100
98 17631472900
98 18211429400
98 16367115100
98 17263443000
98 16952340800
98 17636076300
98 16749111800
98 16051638300
98 16691666100
98 17326923900
98 16866489700
98 16132362800
102 27576624500
102 26929129000
102 29602385700
102 29028420400
102 31190367600
102 30285239500
102 29863821100
102 32040629900
102 28327184600
102 29708660100
102 35240131900
102 28577728200
102 28571778900
102 29062189700
102 27023435300
102 27626135100
102 28555786300
102 29265513000
102 28684229200
102 27607247700
102 29197541600
102 28768611500
102 28757805800
102 29456761200
102 27995605400
102 29837633300
102 28795628100
102 29563980200
102 28924998401
102 29323176000
102 29874825100
102 28687368600
102 29452580100
102 28756418400
102 28193951900
102 28816759700
102 28225574800
102 27336929400
102 27711025600
102 28409141500
102 30170603000
102 28320308300
102 28158951600
102 27362697100
102 28148423900
102 26553182200
102 28573031900
102 27647195900
102 28990858200
102 27402452600
102 29320668100
102 26641580400
102 28280394800
102 27711585400
102 28320253200
102 28585860800
102 28596442600
102 27120646700
102 27219224000
102 27947490800
102 28125963500
102 27930490400
102 28239549600
102 26937651600
102 27484715699
102 28492531799
102 28004746300
102 27171856400
102 28230818700
102 28739819000
102 28612542300
102 27075044600
102 29908521400
102 29293623200
102 29323536000
102 29825732600
102 29958996600
102 28942260300
102 27802180100
102 29350471900
102 29047606100
102 32390875900
102 30748000700
102 29470220800
102 28667721700
102 29499415000
102 28393537300
102 27981752000
102 29124603500
102 28419531200
102 27610315700
102 27961738500
102 29268929000
102 30197240600
102 27152909700
102 27772170000
102 29282279600
102 28138127000
102 28124564600
102 27538586700
102 30387347600
102 27959928100
106 29688849600
106 30119952000
106 30547177500
106 30675535700
106 32387167000
106 30334713300
106 32713716700
106 30018423400
106 30298475500
106 30612212700
106 30349618400
106 31724712500
106 29679176200
106 30069308800
106 30110331700
106 30034154800
106 29570430300
106 28833900700
106 27627134500
106 25864951400
106 26024184800
106 26202880500
106 27905948900
106 27686689800
106 27152266500
106 27161468100
106 27586843900
106 27401549000
106 25946528300
106 25799944700
106 28049800999
106 27069564499
106 25766590600
106 26626800600
106 28774527500
106 28527645100
106 26861904100
106 27190575701
106 27231448100
106 27393995601
106 26183616900
106 27705471200
106 28454056700
106 27970704900
106 27298435700
106 26097312800
106 27223607900
106 27035605600
106 28874678000
106 26210827900
106 28116361400
106 31034170500
106 31837145500
106 28502360200
106 28866182500
106 29183983700
106 28738278700
106 30187898900
106 29138565100
106 31334409300
106 28309007100
106 30599301500
106 29782907400
106 29795207000
106 29354861600
106 28384503900
106 28935542300
106 31834814700
106 29660500300
106 30338585100
106 29894996900
106 28069991600
106 31292348500
106 30649432900
106 30207020300
106 30558000500
106 30422219800
106 28909107300
106 29733003600
106 26923933300
106 25799790400
106 28251878300
106 26222501500
106 27763401100
106 29712005400
106 29542302500
106 27589354700
106 26091283100
106 27773779600
106 27833329300
106 27041129400
106 27480275200
106 26899334100
106 27142351700
106 27226079000
106 29911670000
106 26681289600
106 27084567100
106 27935388800
106 27658922600
106 27694227900
106 26553736600
106 28190610600
106 25982175900
106 26619151700
106 26677932000
110 34398809900
110 34336862500
110 35499651600
110 35167639300
110 36436555700
110 33288764800
110 32696881000
110 36746726400
110 33184235100
110 32586177400
110 33721264200
110 37475165800
110 32834776300
110 35074196100
110 34754043600
110 36113022900
110 34688218700
110 37076813600
110 32907876000
110 35054985800
110 33595150900
110 36542363300
110 34990136200
110 32658757100
110 33865576200
110 33808181900
110 35987710000
110 32244411300
110 37176268500
110 32738963400
110 34662986100
110 33490971300
110 35356599600
110 32951598800
110 36107808400
110 36808450900
110 33077201700
110 35653571600
110 33035448400
110 33489512800
110 33624646200
110 35266341800
110 34073175200
110 32911844000
110 33279036900
110 34665737800
110 34196024000
110 34251754400
110 33993394700
110 34508885600
110 35061000100
110 35767850300
110 33699589200
110 35673591200
110 37069820500
110 34781022200
110 35418758800
110 33182548900
110 40469908300
110 35103750300
110 36227761299
110 31693232201
110 32840139899
110 35766697400
110 34571807900
110 35495067500
110 33566355899
110 35725869300
110 33613250800
110 34482060000
110 32428440200
110 33019667200
110 34578489300
110 34800986600
110 35624184400
110 35831391000
110 35629527800
110 35332545700
110 35482911800
110 33877911000
110 33899805000
110 31505833900
110 34045077300
110 32523930400
110 33900803100
110 31573388700
110 32344514000
110 34767021100
110 36336857000
110 35502504000
110 34364813100
110 35154248800
110 34935311700
110 36072425400
110 34369483000
110 41871085700
110 34229051000
110 35005931900
110 35971434300
110 32895202200
110 37414814600
110 34469707800
110 36455701400
110 31995577400
110 35173564300
110 34452353500
110 36136503500
110 34372509800
110 32739557100
110 35987992700
114 39645098200
114 38641438100
114 43035128500
114 39090403000
114 38438145200
114 38013852400
114 38482753800
114 37456041100
114 43639720900
114 37867311400
114 38797029800
114 37326925600
114 37690640300
114 38550148400
114 38818105000
114 38190737500
114 37711793600
114 37711285200
114 39649214100
114 37692005000
114 39939954300
114 39432752400
114 37032791100
114 37774746100
114 39874789200
114 41342893500
114 38402048100
114 40967943200
114 39744598600
114 43188802400
114 40770552600
114 41995073100
114 41753179500
114 41994280300
114 42304410000
114 42553179300
114 41228794000
114 42618290200
114 42733873100
114 41889263100
114 41658567800
114 40370766000
114 40794759900
114 43166490100
114 43978451500
114 41496500200
114 40585502100
114 46214737800
114 43834362300
114 41251127500
114 42190470700
114 45752987100
114 41666233800
114 45727089700
114 45212283100
114 45597908800
114 43873328200
114 43431056200
114 45129055300
114 45635907500
114 47928920500
114 43286536500
114 45202952300
114 44144492700
114 44293156500
114 45143189000
114 41772234200
114 42443832800
114 44554189100
114 42759514100
114 40531353400
114 43302345900
114 43428681200
114 43939114800
114 44235361100
114 43302341400
114 42078027600
114 43754594100
114 42035000000
114 42251609400
114 43814976800
114 44249142900
114 43077297000
114 43863694800
114 45683148700
114 45710201000
114 44317402000
114 43119551300
114 47801791200
114 42875950300
114 46718029100
114 42591075800
114 41168446300
114 43158662100
114 39787579700
114 42882083200
114 41644926500
114 44307948600
114 38594064200
