2 38500
2 1300
7 567400
7 458800
7 106100
7 501100
7 292700
7 367700
7 1355600
12 371300
12 524300
12 1615400
12 399400
12 377600
12 265300
12 408900
12 288800
12 375600
12 266700
12 425700
12 796800
17 1835400
17 1623900
17 1818500
17 885800
17 1995400
17 2715100
17 2080800
17 244500
17 1912300
17 1236600
17 1965900
17 3827900
17 1636000
17 1736500
17 2748000
17 1813800
17 1910200
22 1132700
22 1713300
22 2800500
22 13236900
22 13340600
22 4160000
22 5215500
22 4644500
22 3759100
22 3885800
22 3612400
22 4162600
22 4064700
22 3414300
22 3010500
22 2267400
22 15130000
22 4604900
22 401900
22 599700
22 34105000
22 7781600
27 471800
27 661300
27 801400
27 837100
27 48200
27 1128900
27 181300
27 977600
27 738500
27 745700
27 460600
27 1423500
27 673500
27 884000
27 1514000
27 3748500
27 2668400
27 835000
27 791900
27 894100
27 36000
27 833400
27 716000
27 1770900
27 1158300
27 642400
27 763400
32 922000
32 1988400
32 1045200
32 1970000
32 1000
32 975500
32 200100
32 2826900
32 1001200
32 471900
32 931900
32 660700
32 1524200
32 1076100
32 995600
32 32100
32 138900
32 473400
32 2432300
32 1043100
32 1245600
32 877100
32 2464500
32 916600
32 1597100
32 1375700
32 996800
32 1614700
32 1889400
32 2134200
32 993100
32 2568000
37 1150700
37 2738800
37 1218400
37 1159200
37 2341900
37 2565800
37 1939500
37 1770700
37 1309100
37 1175000
37 1565800
37 1663400
37 1079200
37 2324500
37 1227300
37 3685100
37 1822000
37 200
37 525100
37 2121400
37 2812800
37 1264600
37 2115900
37 1044800
37 1430700
37 1255900
37 289500
37 235600
37 935200
37 1484700
37 1492900
37 1631100
37 1044400
37 2771100
37 18947000
37 1205300
37 2771800
42 625100
42 1663600
42 2103900
42 3655400
42 4994200
42 2396000
42 1514300
42 596600
42 2102400
42 1357800
42 2115600
42 1479100
42 402600
42 2175600
42 3468500
42 2172700
42 1951800
42 2779600
42 2878500
42 1969700
42 1209700
42 3577800
42 4171100
42 3177700
42 1052300
42 1995000
42 2474200
42 1302000
42 3012400
42 1956100
42 2570900
42 2435600
42 2366000
42 2084300
42 2305900
42 2065500
42 2146400
42 2121300
42 1665600
42 1745100
42 1777400
42 1835300
47 1035600
47 4377000
47 2432000
47 2528900
47 2817000
47 2339500
47 2039400
47 2482100
47 3381200
47 3264300
47 698100
47 1232000
47 1345600
47 398600
47 4060900
47 6443000
47 2247400
47 2856000
47 2230900
47 47400
47 26300
47 3669200
47 7952300
47 4829100
47 1529500
47 2626700
47 3754200
47 3813400
47 470400
47 2772100
47 1590900
47 3113200
47 2265800
47 2906200
47 2662300
47 3615500
47 3517800
47 868300
47 3254700
47 4463400
47 5769300
47 1768800
47 4333500
47 1999800
47 3085600
47 4356400
47 4053100
52 2237100
52 5534900
52 5523900
52 3010300
52 841900
52 7025100
52 7904200
52 3708700
52 3525500
52 7215200
52 7023100
52 3409300
52 3149900
52 3263400
52 3179900
52 7720300
52 3489600
52 3139300
52 6128400
52 6094900
52 4189400
52 439400
52 5611600
52 2403900
52 5763300
52 1525600
52 1196700
52 3596200
52 5363600
52 4010900
52 1601900
52 3805800
52 5977500
52 3000700
52 2770600
52 2761500
52 2570300
52 6159800
52 2892400
52 6227400
52 3427300
52 3713200
52 3781400
52 614700
52 4221800
52 3777800
52 2981400
52 8175700
52 3219000
52 2901500
52 3523300
52 3902000
57 1682300
57 1598200
57 4981900
57 2116200
57 2910700
57 5123500
57 6796900
57 731000
57 964200
57 8711800
57 3581800
57 4620100
57 8399800
57 5144200
57 6241800
57 5836900
57 1866100
57 5538700
57 2200300
57 1946300
57 9665500
57 2810200
57 2590200
57 1315900
57 3362400
57 5521200
57 3989100
57 2407500
57 932200
57 6212700
57 631300
57 4102300
57 7028200
57 4361600
57 5005300
57 4832900
57 4408800
57 4625100
57 2450200
57 7453100
57 5058900
57 7837400
57 1718600
57 272300
57 3382200
57 6566200
57 9043400
57 4099400
57 4739800
57 6433800
57 1844300
57 8514400
57 5146200
57 6114500
57 6897700
57 5656400
57 6139700
62 8024900
62 5632400
62 8497900
62 12207600
62 11929800
62 5030600
62 6212900
62 6137400
62 5959500
62 7721900
62 14534400
62 5608800
62 5742800
62 5375200
62 200
62 455600
62 1288700
62 4888900
62 8379100
62 6032300
62 301100
62 2391600
62 5160200
62 9794500
62 10366200
62 1745500
62 6789200
62 7420800
62 1947100
62 14711600
62 67098700
62 2028600
62 7152300
62 9699300
62 5381800
62 8728000
62 12751600
62 6232100
62 12762200
62 10493900
62 11783400
62 5922800
62 5621300
62 4963100
62 5164600
62 5127300
62 4740300
62 5151300
62 832600
62 850000
62 1592500
62 4101300
62 9970000
62 5263900
62 37630600
62 1943500
62 5292200
62 14613900
62 14341700
62 5933000
62 15798000
62 6639100
67 300
67 5342800
67 5260800
67 5433800
67 2866900
67 8689800
67 5150800
67 8850300
67 15682600
67 7133600
67 7349000
67 7268000
67 1340800
67 8232300
67 8856000
67 6485900
67 4610800
67 4452800
67 5280900
67 4568400
67 2162000
67 9317800
67 9101000
67 9129700
67 6449700
67 6662300
67 7233300
67 8860200
67 8620700
67 6026700
67 499600
67 6795600
67 7915200
67 7956400
67 17799900
67 8281200
67 8396900
67 8292200
67 6246700
67 1681000
67 3672800
67 10175800
67 10753500
67 6700700
67 8633600
67 7343600
67 7626800
67 7570200
67 7841400
67 2306400
67 8381800
67 8548400
67 8677400
67 4326300
67 8585200
67 8901100
67 1380900
67 2396900
67 11048400
67 10924600
67 19523400
67 5752100
67 5642300
67 5494800
67 5640200
67 6022400
67 5110900
72 2674900
72 11157100
72 9206900
72 7908000
72 11411900
72 11895500
72 11662700
72 12256000
72 20084300
72 7217900
72 7135900
72 7842400
72 8268300
72 8488500
72 7805500
72 8297500
72 7400000
72 7466300
72 7704000
72 7141700
72 3506300
72 9857900
72 10607000
72 10372600
72 6578700
72 10127300
72 10164900
72 10356300
72 8253900
72 6818800
72 15397400
72 8522400
72 16389900
72 10466200
72 9983900
72 10601400
72 27833600
72 11566200
72 10026800
72 11137700
72 11620300
72 9352500
72 9545800
72 9609400
72 9705000
72 7578700
72 7779500
72 7510200
72 7617200
72 5650800
72 5877300
72 6128600
72 5317100
72 6659900
72 8285900
72 8000200
72 8136100
72 8283800
72 7844100
72 8112200
72 8578900
72 17452200
72 8402500
72 9685100
72 9724200
72 9828800
72 4467300
72 13915500
72 8944000
72 33694300
72 25828900
72 11545900
77 2625200
77 10663100
77 7528400
77 10299000
77 10601400
77 12432800
77 12877000
77 15287500
77 14899000
77 2799700
77 11885000
77 8824700
77 12489600
77 12716900
77 4659000
77 13610000
77 13212000
77 8417300
77 2356200
77 11529600
77 11656200
77 22959800
77 8939600
77 9082100
77 9379300
77 9670600
77 9929700
77 7035100
77 10496000
77 6914600
77 14968900
77 17816000
77 10314000
77 990100
77 14354600
77 11791100
77 14390900
77 15020300
77 10226100
77 10028000
77 10670100
77 10112300
77 10058900
77 9028400
77 10668300
77 10404900
77 10113000
77 9934900
77 9574800
77 16362900
77 14229800
77 11177700
77 25469300
77 17928700
77 25359000
77 8847500
77 8861200
77 8778600
77 8123600
77 2140300
77 2569700
77 383600
77 6130500
77 7997400
77 11212400
77 14636100
77 12426800
77 11051800
77 11203100
77 10966500
77 10920300
77 8670000
77 8944600
77 8950500
77 8883400
77 8371800
77 8488300
82 3958800
82 16699600
82 23393300
82 36156500
82 12110500
82 31680200
82 19176800
82 9358900
82 18709800
82 19073400
82 19099200
82 1419900
82 4499700
82 8907600
82 13954300
82 12305600
82 14115600
82 9745300
82 22610200
82 12672100
82 21860700
82 23024700
82 15391200
82 15583900
82 15847800
82 15826000
82 5989200
82 17162400
82 17801600
82 17857800
82 11478300
82 12249500
82 12333500
82 12236800
82 11213200
82 1094900
82 12311400
82 12242900
82 12536000
82 11269600
82 18108600
82 14819100
82 11510500
82 15330500
82 11126400
82 11898800
82 11814400
82 10962700
82 12607500
82 13403900
82 13008600
82 12935500
82 10746000
82 10410800
82 10841100
82 10957900
82 10006300
82 9981200
82 9957200
82 10567100
82 7773000
82 11783200
82 20740500
82 20602800
82 9450000
82 9568500
82 9527800
82 30721700
82 3111600
82 8612100
82 13872400
82 16665200
82 24370000
82 28743500
82 19096700
82 15694700
82 2298000
82 3105500
82 9545500
82 15468900
82 15433300
82 16663400
87 13794100
87 12501200
87 13746600
87 13716500
87 14954400
87 13823500
87 15204600
87 15279400
87 15046300
87 14167400
87 15618100
87 15300300
87 15289000
87 16338500
87 16248700
87 14045000
87 30395000
87 14644000
87 28722100
87 13363900
87 13863500
87 13830600
87 7026200
87 15517600
87 19564800
87 12228100
87 23863800
87 14476700
87 14269000
87 14502300
87 14784800
87 13365200
87 14544100
87 14649700
87 14493700
87 1918100
87 16912800
87 17140300
87 17159300
87 14791200
87 5496500
87 12629100
87 18537800
87 18350500
87 2395600
87 10092000
87 33007900
87 23609400
87 15900400
87 42887300
87 15636100
87 15524200
87 27715100
87 12144900
87 11623000
87 12088200
87 11664200
87 6089600
87 3568600
87 2868500
87 25551300
87 25303700
87 25010200
87 11181800
87 10775900
87 12679900
87 24381400
87 24081400
87 23760600
87 17224900
87 17400900
87 16932400
87 32122300
87 14146100
87 14765300
87 14630600
87 2558200
87 6521200
87 11865800
87 19506500
87 19591200
87 3376000
87 7229600
87 17975700
87 13861600
87 11208100
87 35999500
92 4945500
92 17777600
92 12334000
92 18058400
92 14968000
92 15403000
92 34203000
92 15930200
92 9286900
92 14042800
92 28887100
92 15283400
92 30585600
92 20252300
92 16918500
92 16714900
92 17196400
92 16123700
92 17488600
92 16514400
92 17595000
92 17839500
92 1531300
92 17552600
92 17730300
92 17534700
92 16542100
92 16722800
92 16623400
92 32409700
92 11269900
92 4906600
92 16712200
92 25493900
92 8325700
92 9581300
92 18582900
92 14749500
92 1251500
92 14202500
92 13100900
92 64518100
92 9185000
92 23536900
92 73088200
92 14413600
92 23928200
92 16833500
92 16753700
92 16483900
92 16874300
92 16962000
92 17337900
92 17058900
92 15678500
92 33873000
92 16480200
92 15532700
92 9986300
92 12355000
92 22851900
92 22828200
92 23033100
92 17040200
92 17703500
92 17730300
92 17788100
92 19006300
92 18227800
92 19451900
92 19242200
92 16008500
92 16213200
92 16188100
92 15815000
92 16541000
92 16665200
92 16850100
92 16450300
92 18797700
92 19003100
92 18001500
92 18333100
92 17213900
92 16945300
92 13730900
92 17379400
92 20783900
92 21147800
92 21166700
92 21266000
92 17801400
97 19103000
97 19768600
97 19986200
97 20216800
97 16730300
97 16431200
97 16402800
97 17193800
97 8469000
97 12960900
97 30569600
97 17110500
97 21765800
97 30562000
97 8847800
97 25248800
97 15765700
97 32901700
97 28989600
97 20761000
97 54916100
97 34860700
97 21826900
97 27323800
97 27669600
97 27624100
97 33655000
97 26854900
97 34176700
97 20638500
97 21246100
97 21070100
97 53774000
97 20615200
97 20704400
97 20843500
97 20673700
97 5235900
97 10855400
97 17603500
97 10484900
97 22962300
97 22305200
97 16963500
97 46816000
97 1463400
97 19896000
97 18267900
97 20015600
97 73215900
97 7582500
97 27346600
97 18926600
97 43618100
97 43562000
97 16045200
97 16659600
97 1975700
97 18231200
97 29712900
97 25085500
97 47773500
97 48119800
97 36036000
97 18026800
97 18604200
97 18021800
97 19649200
97 20181100
97 19337900
97 19644800
97 20233500
97 41192700
97 20610700
97 20653900
97 40790000
97 18646800
97 19400100
97 40213500
97 24078700
97 24213900
97 44343600
97 23225600
97 6662100
97 19980700
97 30443100
97 37732100
97 36730200
97 5290800
97 16673300
97 18984700
97 27567900
97 20074300
97 26844200
97 17593700
97 17588800
97 17235400
102 20031400
102 49865600
102 50422600
102 23793600
102 69459300
102 6415000
102 70143300
102 68803100
102 27038500
102 93262000
102 26940200
102 71560600
102 4445500
102 25711500
102 27716200
102 22409900
102 27218100
102 21479900
102 21610200
102 21675100
102 30889200
102 29176800
102 20739000
102 30782600
102 31159400
102 22650600
102 20569900
102 43120500
102 44785800
102 44675900
102 21249400
102 22396900
102 22215400
102 22777500
102 7531200
102 19578200
102 27809100
102 17510200
102 34358200
102 26504300
102 55000500
102 26795000
102 19251400
102 18827200
102 19354300
102 19432200
102 15542700
102 18007900
102 5549400
102 30518800
102 37393100
102 28355200
102 21912800
102 46204200
102 6286300
102 8817600
102 39475200
102 39904900
102 22924000
102 19591500
102 19583000
102 60377100
102 17992400
102 23170000
102 22705300
102 23791900
102 17686700
102 47911600
102 6153700
102 7499300
102 37049200
102 11788300
102 23086300
102 30982700
102 24367000
102 20746500
102 70207800
102 26487700
102 27179300
102 27144200
102 26332600
102 23700200
102 24192600
102 24487900
102 22007400
102 46465300
102 22315500
102 22505100
102 7085800
102 29618400
102 29217500
102 56080300
102 47730700
102 25713000
102 24664800
102 23417300
102 22244700
102 23843500
102 23814500
102 12130800
102 24356400
102 24457000
107 9509000
107 10308500
107 26153600
107 37254900
107 26564400
107 53491600
107 27725800
107 7564100
107 6444500
107 50695200
107 67851000
107 23506300
107 68378500
107 14938200
107 24128800
107 12170100
107 48774100
107 49521400
107 24833200
107 21344000
107 10084700
107 27396600
107 38688200
107 38625500
107 39070000
107 23812700
107 23753400
107 23971500
107 11759300
107 5798900
107 43243700
107 25277100
107 68587900
107 41259800
107 10504700
107 40207200
107 40390700
107 28624700
107 39898900
107 26133300
107 25979800
107 25945700
107 7500500
107 25892700
107 3255100
107 29079500
107 27568700
107 57290400
107 53568800
107 29163500
107 24885700
107 29384900
107 69225500
107 20076900
107 26555600
107 21077500
107 21412400
107 23008500
107 24694000
107 29417100
107 54814200
107 54707800
107 29855600
107 6976100
107 14534300
107 22317600
107 38066100
107 38487400
107 30752700
107 23858000
107 28163700
107 51417500
107 22681900
107 75374000
107 23051100
107 15108000
107 48089500
107 71892500
107 104116100
107 64689200
107 37565000
107 6568600
107 5759200
107 22028600
107 35560500
107 92998200
107 27474500
107 27735200
107 22838400
107 23385500
107 34353000
107 151972700
107 49955400
107 38320800
107 22098700
107 50683600
107 29444500
107 29252700
107 29603400
107 27960200
107 28306900
107 51029800
107 28288500
107 8906500
107 26698100
107 27201100
107 27369800
112 12331600
112 20936600
112 24753100
112 55519800
112 30292500
112 42767200
112 33860100
112 11729000
112 45605300
112 46308200
112 46479400
112 33599300
112 6969200
112 13780600
112 14144600
112 12555000
112 27187700
112 69365500
112 62001700
112 69521800
112 18562700
112 26300500
112 38583800
112 48919400
112 32409800
112 66605600
112 46937700
112 25571900
112 11326200
112 42843000
112 42651600
112 79278700
112 10904300
112 74310400
112 42428500
112 31199600
112 53308800
112 26935600
112 38437200
112 48911900
112 71022600
112 32456000
112 21583400
112 51640200
112 21423200
112 56140000
112 35970300
112 55371400
112 29619000
112 16708800
112 30106200
112 3604700
112 32334600
112 66901600
112 61494800
112 28552300
112 29319100
112 79607700
112 5111400
112 30442700
112 24838000
112 31089800
112 63080800
112 5185500
112 42103600
112 34197100
112 42843300
112 42514100
112 32704600
112 32797900
112 32473000
112 33204000
112 2566500
112 11846400
112 24494300
112 36592000
112 33349200
112 36649900
112 5565100
112 24326400
112 31040000
112 41918200
112 12562200
112 13929500
112 34424900
112 8129800
112 88020500
112 75262100
112 30628700
112 44923100
112 5934300
112 16908800
112 15940600
112 116629700
112 53319500
112 35770700
112 30542500
112 36154600
112 35962100
112 36668000
112 10025500
112 10621900
112 39973900
112 40793200
112 12103400
112 39284200
112 127645800
112 25810700
112 11143300
112 11218500
112 25242900
112 117352900
117 6539100
117 11734300
117 44053600
117 50609700
117 57790300
117 58179800
117 23751700
117 61935700
117 61938300
117 37573400
117 17567900
117 22075100
117 113674000
117 38428700
117 56961600
117 27014700
117 35793600
117 29448100
117 37385500
117 11164800
117 70143900
117 64151400
117 31176000
117 64719300
117 87873200
117 35941800
117 35418400
117 36170000
117 15909200
117 25507100
117 32440500
117 13134400
117 67447800
117 37719600
117 84486500
117 57072400
117 17695300
117 27621700
117 58919200
117 40785500
117 12865800
117 27113200
117 72292200
117 41158500
117 33915100
117 133866900
117 43515200
117 20988000
117 69273500
117 71076100
117 59921200
117 35728200
117 49838300
117 11272200
117 12803100
117 53202800
117 53290900
117 47855600
117 28173900
117 12015500
117 20517300
117 21055000
117 68126300
117 46896400
117 66483700
117 112285400
117 52543900
117 24648500
117 43634400
117 87280200
117 34815900
117 35467400
117 81199000
117 53652900
117 90343100
117 33359600
117 38766200
117 53929200
117 175369200
117 29445200
117 83263800
117 45008000
117 32918800
117 33571700
117 33626600
117 34382000
117 1896700
117 33139000
117 105385300
117 99630400
117 27941900
117 28394000
117 99600900
117 33882800
117 34677200
117 34820700
117 32174100
117 66612400
117 31551400
117 32191400
117 11054600
117 41214000
117 41302900
117 41061600
117 24667600
117 12031300
117 50295700
117 81783000
117 30917200
117 112387600
117 33913100
117 34047500
117 34495800
117 38055400
117 38317400
117 117851700
117 38704700
122 21404800
122 8251100
122 51874500
122 34716500
122 87262100
122 53838100
122 14395100
122 22227500
122 46088100
122 60915800
122 38363400
122 10490100
122 188915500
122 54048000
122 27891500
122 32783800
122 101260800
122 46279700
122 4430500
122 36599900
122 41704900
122 41777700
122 132574900
122 30863500
122 30933300
122 31109900
122 29758000
122 9583400
122 53402500
122 43150500
122 52829400
122 54883500
122 54836300
122 55446500
122 109741100
122 36197400
122 33566800
122 37019100
122 36993900
122 10372000
122 46670900
122 36325300
122 47128400
122 15577400
122 50455200
122 34907300
122 98707000
122 44677800
122 13540400
122 28985800
122 41787400
122 50801800
122 36207700
122 59227600
122 110533200
122 50437300
122 41342800
122 50159900
122 122752400
122 18784700
122 12788400
122 34177000
122 54279500
122 54618800
122 35500100
122 37059500
122 36958700
122 37620500
122 16743600
122 30979900
122 116001100
122 78576400
122 43835600
122 91035800
122 119441200
122 74087600
122 43199700
122 180430900
122 71526200
122 41350100
122 76087600
122 96802700
122 32711000
122 64244800
122 43851900
122 64810200
122 30923000
122 15665200
122 27546400
122 46567700
122 62895300
122 63026700
122 33997500
122 21965100
122 24713300
122 41985900
122 53660100
122 51277800
122 33706500
122 17474200
122 59403200
122 59843800
122 61703000
122 32216600
122 1251400
122 38568900
122 40434000
122 213167500
122 36476600
122 55824700
122 12987600
122 33960200
122 47328000
122 48007400
122 47022900
122 20782600
122 21279400
122 9079600
122 5653500
122 72685000
122 68526500
122 51426700
127 43113300
127 43258900
127 43627900
127 94351700
127 50640700
127 50578400
127 16576500
127 50631700
127 51010700
127 32972700
127 145645500
127 16798700
127 144992400
127 76585000
127 110226200
127 49398300
127 9760500
127 30350300
127 42863400
127 64748400
127 132113400
127 57161000
127 132419800
127 24708100
127 75239800
127 49261700
127 133109900
127 32621400
127 156375000
127 80444200
127 70027100
127 129814700
127 75615700
127 101545000
127 10535600
127 118902800
127 133440900
127 103861900
127 40207700
127 50533900
127 50299200
127 120631700
127 50488600
127 48085700
127 62786600
127 19874500
127 84610200
127 133647600
127 48716000
127 51468800
127 51832100
127 52595300
127 186817100
127 10260600
127 17345300
127 32897600
127 31996000
127 40525400
127 9239400
127 51327700
127 42426100
127 113475200
127 142545600
127 5908700
127 105351600
127 26577800
127 59569600
127 47031000
127 80714400
127 23745200
127 51245300
127 41672200
127 32311900
127 13806800
127 41049000
127 73942700
127 222415900
127 46892600
127 188014800
127 46383600
127 47172200
127 24113200
127 63679800
127 63798000
127 38661200
127 19390200
127 16590300
127 52652000
127 69756400
127 68920200
127 85115600
127 38391700
127 38140300
127 226899000
127 114006100
127 66071900
127 66199800
127 43150600
127 65687700
127 13485200
127 16820100
127 77365000
127 76986100
127 53500400
127 48776000
127 50002800
127 172858600
127 44874400
127 88947500
127 42803100
127 88114400
127 49107500
127 97200300
127 54176300
127 47957000
127 54819800
127 9776700
127 60190400
127 60620200
127 12613700
127 18854800
127 120563300
127 54377400
127 56251200
127 39397200
127 39782700
127 158557500
132 35343900
132 88695700
132 52485000
132 88936800
132 59364500
132 148853900
132 59554700
132 59445900
132 24108500
132 53768800
132 102525300
132 47682300
132 82253100
132 83016400
132 20908400
132 263960200
132 77712100
132 55621300
132 234542100
132 49633000
132 56829800
132 88531900
132 84332400
132 53108500
132 142249000
132 59045600
132 58691200
132 59042700
132 29938400
132 233832700
132 89421300
132 89774400
132 118463400
132 58354100
132 122627600
132 95832500
132 75090100
132 75628900
132 215047900
132 193377100
132 74715500
132 74922700
132 350033900
132 60990400
132 57197800
132 65645800
132 65705800
132 129952400
132 127314200
132 18575700
132 47755800
132 99129900
132 119257200
132 70858500
132 59925600
132 179653500
132 60409700
132 108119000
132 63863600
132 112149700
132 111849100
132 54977700
132 78972800
132 134570800
132 247802600
132 72251900
132 367389100
132 164964300
132 232457000
132 243298500
132 136837900
132 105903400
132 223154600
132 223864600
132 93703600
132 151080300
132 57179100
132 79914500
132 145178200
132 62158300
132 65886100
132 40653900
132 94610200
132 161120700
132 53039000
132 74169600
132 169454700
132 140870900
132 128466900
132 204364400
132 41360000
132 217892900
132 80134500
132 126702200
132 169009600
132 71631100
132 72062000
132 30117600
132 202270800
132 520915100
132 74539700
132 160524800
132 261199700
132 291087500
132 11667300
132 97121900
132 122903500
132 27297300
132 196005800
132 67086600
132 341301800
132 57096300
132 239043300
132 160967700
132 72015300
132 348196700
132 72673200
132 66911300
132 66393300
132 136877600
132 134891300
132 65966600
132 51437700
132 118311600
132 116977900
132 65064500
132 59161800
132 116285100
132 81584600
132 83407500
132 73141500
132 61956600
137 39726600
137 64343500
137 105014900
137 99585000
137 6241100
137 47054200
137 106118400
137 217852900
137 112855200
137 90017600
137 92111500
137 92190800
137 133643700
137 21541700
137 61440400
137 125906600
137 193650000
137 125990300
137 48734300
137 49014200
137 48829700
137 36606800
137 144735200
137 57993500
137 155569800
137 60646300
137 156398700
137 65400100
137 70930600
137 65705500
137 22993700
137 101278500
137 234551900
137 61735200
137 73354900
137 95591200
137 167476600
137 71941500
137 352861500
137 16271100
137 4381700
137 52831500
137 158504600
137 250206400
137 158346200
137 65091600
137 64981000
137 65412400
137 31741700
137 139791300
137 18529300
137 68733800
137 163609200
137 208877900
137 236791200
137 59570200
137 105382300
137 18146100
137 52741000
137 75874400
137 182155700
137 98614200
137 66595400
137 89150100
137 89208000
137 48100800
137 147252400
137 87291500
137 65108600
137 95612000
137 95578600
137 12114400
137 33639300
137 188155200
137 26383000
137 42680100
137 86437100
137 108290500
137 72902300
137 94318700
137 110463800
137 21382900
137 95002400
137 73579600
137 159445700
137 24308900
137 197018800
137 101111200
137 100834500
137 21410800
137 59584200
137 46767300
137 104772600
137 110561800
137 65789600
137 18854900
137 41225400
137 358112400
137 211571800
137 110781700
137 41414100
137 111897600
137 29885600
137 63262700
137 24080200
137 76146500
137 106565700
137 27254500
137 22073700
137 139230800
137 52997700
137 181486400
137 69884000
137 303341500
137 52879800
137 52805700
137 110022300
137 109828300
137 56558000
137 32056700
137 88755400
137 147297600
137 90518500
137 57371200
137 45590800
137 21518000
137 96126000
137 116867500
137 45558900
137 171924700
137 68170100
137 98018500
137 123829500
137 28721000
137 67883900
137 68952600
137 242052500
142 23722300
142 25534400
142 72350000
142 104118200
142 162511700
142 184907800
142 20444600
142 100876400
142 165537400
142 84670100
142 10447000
142 92413600
142 89629100
142 114264700
142 14425400
142 132114300
142 51098800
142 320930400
142 21406400
142 22012300
142 79076600
142 6510100
142 123081000
142 79097700
142 276299400
142 105755300
142 38242800
142 61781000
142 125419200
142 114222700
142 56572700
142 56825500
142 34579900
142 123447000
142 63053700
142 98125300
142 281333000
142 13163700
142 27843900
142 59286200
142 107843000
142 115651600
142 49077500
142 143666500
142 30060400
142 164643200
142 15209900
142 180259600
142 25124200
142 77136400
142 403396100
142 177789000
142 11689000
142 41294200
142 72020000
142 124482700
142 110808900
142 67897000
142 162361100
142 65683500
142 31427200
142 192788700
142 91291600
142 308890200
142 62673200
142 146168000
142 86599700
142 20796800
142 62477600
142 171326000
142 84211400
142 84432200
142 20879900
142 37001300
142 68871900
142 14201600
142 70621400
142 35009300
142 122834600
142 20827600
142 81811000
142 43294300
142 165236900
142 168114800
142 73761200
142 358959000
142 149490500
142 42358900
142 59780000
142 24379800
142 102077700
142 33004000
142 153080700
142 36259500
142 45406100
142 48648800
142 247076500
142 220572100
142 97087100
142 59373700
142 10225200
142 129000500
142 236100100
142 140942100
142 168863700
142 93513800
142 93850500
142 68770800
142 25159500
142 66730700
142 93584700
142 93263700
142 10090200
142 64599000
142 75351200
142 75299000
142 169905100
142 12746300
142 27595200
142 38988600
142 74155600
142 134592300
142 82237200
142 60858800
142 71883900
142 71861000
142 179654700
142 91165800
142 39273700
142 76277700
142 28337600
142 128233800
142 80250600
142 11842600
142 53765300
142 100039600
142 102530900
142 52319700
142 67304100
142 91652700
142 66523200
142 326054500
147 94206500
147 87979200
147 112052200
147 90100400
147 90264500
147 87328800
147 87220100
147 240979000
147 81635300
147 87528600
147 87519800
147 443429000
147 170522400
147 77069500
147 89642000
147 166988600
147 167197900
147 167685000
147 42372000
147 87925600
147 70329300
147 227836600
147 113733700
147 139457800
147 94468200
147 30272200
147 224408200
147 210220400
147 348666500
147 110935100
147 637510500
147 160570100
147 201432900
147 95105900
147 387350300
147 374691200
147 187856700
147 151749600
147 151395200
147 75976600
147 297439900
147 123377600
147 183251800
147 216356400
147 215699600
147 49809100
147 125832500
147 125969700
147 66374700
147 365954400
147 146867000
147 51438600
147 153053000
147 83196600
147 376309700
147 114561000
147 395623100
147 89889900
147 82445500
147 128649600
147 334766400
147 89687500
147 419362600
147 84654200
147 56100600
147 241231200
147 99813500
147 241852500
147 84734400
147 122836600
147 160476500
147 82193300
147 192564900
147 83147600
147 118025100
147 282271800
147 40209200
147 2916400
147 184974600
147 189085800
147 99815000
147 37253900
147 40004800
147 888367900
147 99865100
147 277867700
147 99005900
147 141509800
147 90795300
147 444782900
147 123506700
147 74760800
147 76940600
147 78280900
147 334762900
147 168043900
147 89457600
147 97108900
147 130977700
147 39294800
147 344122100
147 170822800
147 342268900
147 87462400
147 43355300
147 44481500
147 414494100
147 80289100
147 169239500
147 88897100
147 89424600
147 160855300
147 369830300
147 140882600
147 85958600
147 81120200
147 128863100
147 315283300
147 75911400
147 78314600
147 281067800
147 74716700
147 64216000
147 331146400
147 83228900
147 100724300
147 37163200
147 332281400
147 111995100
147 200104400
147 87771300
147 158721100
147 93585800
147 318693300
147 220219800
147 99451600
147 161550500
147 91140600
147 42671400
147 178745200
147 91035300
147 86986800
147 557739900
147 70131200
147 163239200
147 391942600
147 89889800
152 48045000
152 91809300
152 138934300
152 101947900
152 148503300
152 55978700
152 289531100
152 146633700
152 44677200
152 459205600
152 67991500
152 178164300
152 110646300
152 97045000
152 83591500
152 420824600
152 88014400
152 150488800
152 445217300
152 383943300
152 201192100
152 64646300
152 360864400
152 117931600
152 105501000
152 65329900
152 431238300
152 166049400
152 100069200
152 216431600
152 78606700
152 70675200
152 175707000
152 212048100
152 171556500
152 339207300
152 136330100
152 136862700
152 253957300
152 126871200
152 85619900
152 133384000
152 83700900
152 170764800
152 95806600
152 315236000
152 25256100
152 260688200
152 260748900
152 164194600
152 48009700
152 63099600
152 149387300
152 240098000
152 100599100
152 66084000
152 66486400
152 153166100
152 66464600
152 52890200
152 103099400
152 97069600
152 62872800
152 195803500
152 299952200
152 85282500
152 300196500
152 45293600
152 40813800
152 130169400
152 154804000
152 289169100
152 140203300
152 252031600
152 383477600
152 41247300
152 139630600
152 334752900
152 199024600
152 88769800
152 89311500
152 282877500
152 92615000
152 92660700
152 439812200
152 120997900
152 120639100
152 41106100
152 30309800
152 77183700
152 320374800
152 46664900
152 334448500
152 318749300
152 89147900
152 104509200
152 221959000
152 209559700
152 103805800
152 45346100
152 138853800
152 124388500
152 84489900
152 629635700
152 128028900
152 75050500
152 105299500
152 105748800
152 204611700
152 99254800
152 46475000
152 672442800
152 36918600
152 242460100
152 115201900
152 195787600
152 44811300
152 12650700
152 47146100
152 261185700
152 240684300
152 87988900
152 87684400
152 414190600
152 258614200
152 77604300
152 135526700
152 305780800
152 101128500
152 15193500
152 76114300
152 373929200
152 574701600
152 97983200
152 191538600
152 253026900
152 96136600
152 134726200
152 135148400
152 59953700
152 77318900
152 104016500
152 300124900
152 203581300
152 87081500
152 50126700
152 146692400
152 147093400
152 146380900
152 95140800
152 95617000
152 191374200
157 24027000
157 47280200
157 76884200
157 61574600
157 47579800
157 43510900
157 158140600
157 23982200
157 112674900
157 264627800
157 55973600
157 242640800
157 131969700
157 189292100
157 87596300
157 306827500
157 28322600
157 81719500
157 139911900
157 158184500
157 13093900
157 349709700
157 113612000
157 66472400
157 234457700
157 45689100
157 289848600
157 105120100
157 177585800
157 100782500
157 10050300
157 38355700
157 63876400
157 48769100
157 111833800
157 200180100
157 470130000
157 30563000
157 45593900
157 79409200
157 230481100
157 58248200
157 173996400
157 87677500
157 49103700
157 79704000
157 199485200
157 135334700
157 126180400
157 366393500
157 83428000
157 83823800
157 84091700
157 218362300
157 85816200
157 160599700
157 192235200
157 103659400
157 182274300
157 135738600
157 34443400
157 25418000
157 92504200
157 40833600
157 22794100
157 187011500
157 38470900
157 22916100
157 587412200
157 103491200
157 333628800
157 164260100
157 48962200
157 69344200
157 355371900
157 108604500
157 248508500
157 159577500
157 89833800
157 5253200
157 32572900
157 64442100
157 84498600
157 122959300
157 235367200
157 79129500
157 79998300
157 24455000
157 18362300
157 89179100
157 493741900
157 82190100
157 42155900
157 168001400
157 257780700
157 130356300
157 26675200
157 136765300
157 88019200
157 33548500
157 204436000
157 82760700
157 178735000
157 156451100
157 41350500
157 83585300
157 195035500
157 201379400
157 36779300
157 227561200
157 97073700
157 34443600
157 234331300
157 395863800
157 13780000
157 34290000
157 11386500
157 162920700
157 358441500
157 36665800
157 215944600
157 14381000
157 223016600
157 136208400
157 8733000
157 91681300
157 336596400
157 330179400
157 40717400
157 119744600
157 50197200
157 110019100
157 261599200
157 404051700
157 140856900
157 10423600
157 29153200
157 74278000
157 92458100
157 110215700
157 32231800
157 90338000
157 33568800
157 180299000
157 66354800
157 335112200
157 232064700
157 160857400
157 58792600
157 210066200
157 207328700
157 106716000
157 13413600
157 26746500
157 311136800
157 100280100
157 193370000
162 18638800
162 27927900
162 21049600
162 18935900
162 14979600
162 65669600
162 75397800
162 52977100
162 4299100
162 631700
162 47631800
162 18433800
162 108740800
162 35886600
162 9729400
162 26474200
162 62022400
162 33464400
162 108471500
162 18014200
162 2855900
162 384619800
162 395207200
162 226220800
162 131928200
162 69637700
162 43920100
162 114286400
162 23545700
162 138902600
162 226469900
162 151163800
162 95205700
162 117108600
162 263430800
162 109279000
162 167760900
162 44993500
162 73391300
162 1287242600
162 227569700
162 58296800
162 120069300
162 473452100
162 308533200
162 464312400
162 303560700
162 237812800
162 174362100
162 9092200
162 42340200
162 65656900
162 338901700
162 215543000
162 120779200
162 294264000
162 341993100
162 98224300
162 299061300
162 298878100
162 120018400
162 482898300
162 27520200
162 153058400
162 242561500
162 281231400
162 183799100
162 345368800
162 522406700
162 237533900
162 184123500
162 251970000
162 52604500
162 132040100
162 140351200
162 336270700
162 113900000
162 220896500
162 633531400
162 112935700
162 113074300
162 113694200
162 227853300
162 115741300
162 240238700
162 255704300
162 269409500
162 118385500
162 266252400
162 507255500
162 129435200
162 130121500
162 129319900
162 54881400
162 514479600
162 155905200
162 104412400
162 108967600
162 228792000
162 389399400
162 187474800
162 105233300
162 120714900
162 158599500
162 49064100
162 407628300
162 212134900
162 854869300
162 270851100
162 352954100
162 103670300
162 104065500
162 273410100
162 787849600
162 148312700
162 112767300
162 262017900
162 129407100
162 62509100
162 123921800
162 209120700
162 101546100
162 59641500
162 566075300
162 113549900
162 389071400
162 158775800
162 223371800
162 334942200
162 229915700
162 120963100
162 121320000
162 247523500
162 209992900
162 345789200
162 386560300
162 316222400
162 140449900
162 276766900
162 111560400
162 206427800
162 608228100
162 116362800
162 116629900
162 116852500
162 44048000
162 129891300
162 228262600
162 71149800
162 51226300
162 283851700
162 783833500
162 105811300
162 57998400
162 134607200
162 39076900
162 206802000
162 264319700
162 129826600
162 924727000
162 258576500
162 291382100
167 137248300
167 268713200
167 269019100
167 62419200
167 178696300
167 115266000
167 63212000
167 587087200
167 582714300
167 271137900
167 133143800
167 118586400
167 118857300
167 323895300
167 134082700
167 134530100
167 254119600
167 428029300
167 77081100
167 392285700
167 272443200
167 392518100
167 58016300
167 303607700
167 104375100
167 308353000
167 308579800
167 258151500
167 112860300
167 258813900
167 82778200
167 111883300
167 284968500
167 36334900
167 148021800
167 50491600
167 72865500
167 112378700
167 81731400
167 101705000
167 528575000
167 518952100
167 245410000
167 406237400
167 325050600
167 381110000
167 159899000
167 129361400
167 133863800
167 211667700
167 245875700
167 148590800
167 50678300
167 643147000
167 211151800
167 298274000
167 163311100
167 50926800
167 238711700
167 172110600
167 217601600
167 601509200
167 446715700
167 107641000
167 33998800
167 263346900
167 155140700
167 536692100
167 179182100
167 173188500
167 173256400
167 172698200
167 114034200
167 137005000
167 137906800
167 138007300
167 137811000
167 61655400
167 140009800
167 216586300
167 199039200
167 102816700
167 132589200
167 138610000
167 353716500
167 580050200
167 220032300
167 326075300
167 364175000
167 103442600
167 104519300
167 282894300
167 94722300
167 48884300
167 231001400
167 265670400
167 325062100
167 111973700
167 168805200
167 93582100
167 81661200
167 242664700
167 419687800
167 591914400
167 713999400
167 48983200
167 128289400
167 188867700
167 203984400
167 125625400
167 176184100
167 311360200
167 116125600
167 364569100
167 247428200
167 103052600
167 874265200
167 86962100
167 217206700
167 517282000
167 439023800
167 222997900
167 246611000
167 190023500
167 312169600
167 60688500
167 141191900
167 157687800
167 470813800
167 53997300
167 299651200
167 126026000
167 518873700
167 75372100
167 499431000
167 75170900
167 326802500
167 322993700
167 115120500
167 244927500
167 173878100
167 193902800
167 194339400
167 278750800
167 843864200
167 282178000
167 344628600
167 180160900
167 318851100
167 117520400
167 56707300
167 132706300
167 371114100
167 190541900
167 309119800
167 118412300
167 118181900
167 120469600
167 121050300
167 240560000
167 248117700
167 126818300
167 85512300
167 253112000
167 356835900
167 230237100
167 144828700
172 49270200
172 104372000
172 222949000
172 117887200
172 127735200
172 262268800
172 134721100
172 436651400
172 486187400
172 86066300
172 244039100
172 376038900
172 217688400
172 185456400
172 563038500
172 272441600
172 94415800
172 52881000
172 86120500
172 374953900
172 455157300
172 1236647600
172 273950500
172 138838800
172 188589100
172 552064300
172 503957600
172 256603200
172 180144400
172 391673500
172 201371900
172 161349800
172 458127900
172 144432300
172 468949000
172 84215700
172 172088900
172 471052000
172 1187714400
172 334430300
172 447218700
172 369614800
172 512628600
172 218031000
172 267442800
172 125036200
172 604886800
172 130762000
172 213462700
172 142302600
172 273002500
172 399096700
172 76467400
172 114835300
172 145202800
172 40377700
172 224881700
172 396698000
172 64222100
172 330300300
172 64386300
172 70274300
172 886831500
172 546396700
172 520685300
172 89003800
172 327514200
172 483829400
172 83725500
172 129167800
172 541802300
172 52572100
172 320100200
172 586072300
172 296376700
172 310715500
172 194393500
172 261925100
172 524919600
172 139471400
172 324847700
172 158201200
172 335077400
172 277549600
172 475900300
172 230497200
172 159335600
172 212914300
172 557348100
172 334856800
172 205459800
172 205743900
172 550322000
172 156718700
172 156840600
172 70376900
172 306395000
172 286976500
172 1309065500
172 140576700
172 130117900
172 409737200
172 171704800
172 652897300
172 163761900
172 162876600
172 162989500
172 176721800
172 338353000
172 399366900
172 318099300
172 193897100
172 59966500
172 67879800
172 313379200
172 260251300
172 31914700
172 283720300
172 946784300
172 122187900
172 168538900
172 539906600
172 136313200
172 489244500
172 189314300
172 189730000
172 54175300
172 80270300
172 266205300
172 46378600
172 770721500
172 317232400
172 637285400
172 360331500
172 276468200
172 221045700
172 118921100
172 119025200
172 47559200
172 345401100
172 137783400
172 320036100
172 44378100
172 271024000
172 53555100
172 531759200
172 129943000
172 70615900
172 168697700
172 588284900
172 337240700
172 77326700
172 209826800
172 1130727100
172 134242900
172 23347900
172 227845400
172 111875900
172 526027000
172 200943700
172 289866800
172 136123700
172 136091600
172 392782200
172 49367300
172 447900200
172 261262200
172 311560200
172 435546500
172 257900300
172 124666000
172 125716100
177 158148100
177 158437500
177 158580200
177 226711700
177 156057000
177 303405000
177 304103000
177 289684500
177 213115500
177 212608500
177 241390400
177 225029000
177 225358400
177 586999300
177 69833600
177 75237400
177 274447900
177 274916900
177 568260900
177 279064300
177 150512100
177 80693000
177 210874500
177 285790500
177 156303200
177 644104400
177 125624500
177 125393000
177 165383000
177 165471200
177 165805300
177 142994000
177 317285700
177 977834300
177 318132900
177 94307700
177 406135800
177 137022400
177 53319200
177 216407600
177 159374400
177 449312600
177 531509900
177 232663900
177 232775500
177 233107200
177 76891000
177 157432300
177 414048700
177 344793800
177 324784700
177 238683500
177 215224600
177 172588800
177 637813200
177 292184800
177 68415000
177 148561300
177 155197600
177 751742700
177 216284900
177 521532000
177 465240100
177 259664900
177 150858700
177 469389300
177 270028500
177 1067055200
177 926461200
177 79648100
177 143070500
177 525689700
177 201571600
177 203910300
177 452560600
177 70415200
177 179121000
177 798439100
177 72253600
177 161612500
177 225029200
177 143849100
177 587537600
177 132393800
177 636841700
177 308745100
177 94849600
177 463568900
177 510891800
177 465875400
177 310284500
177 66966700
177 497889800
177 134483700
177 297473800
177 102018800
177 490531500
177 304193500
177 146423600
177 122188400
177 122243300
177 565254200
177 66593400
177 1124000900
177 148171200
177 313582300
177 463202700
177 68147500
177 380587700
177 266142900
177 554038200
177 352712500
177 981246000
177 248918000
177 72408300
177 219889500
177 400298700
177 220225000
177 163248900
177 187635900
177 187663800
177 171366800
177 130050700
177 130539500
177 319169900
177 86625800
177 385427700
177 117298700
177 284536100
177 372580200
177 143669100
177 143796400
177 244826700
177 262568200
177 352946600
177 1012130700
177 231650900
177 394252700
177 138238700
177 138840800
177 207306600
177 244264000
177 293704900
177 139912500
177 137427300
177 161418900
177 525364500
177 897238800
177 184480500
177 158138500
177 343192500
177 252323400
177 140934800
177 141361800
177 485503300
177 161661000
177 161803600
177 161932000
177 100770200
177 468452000
177 206875300
177 310290500
177 418389600
177 339967900
177 78236500
177 167014900
177 440695400
177 332196200
177 440240000
177 188995800
177 200638400
177 84142100
177 36717600
177 153087300
177 479165100
177 277630100
177 481983800
182 34891700
182 212320600
182 212656400
182 179217000
182 357483100
182 166370100
182 165403600
182 718654900
182 619930400
182 94599200
182 502918500
182 414183800
182 246483200
182 174833500
182 183842100
182 184337600
182 565733000
182 170888900
182 170516600
182 165822600
182 1436972500
182 570406400
182 68266000
182 635313500
182 468821700
182 304700000
182 46630700
182 344317300
182 179410600
182 179383800
182 160890600
182 59205900
182 257330300
182 257507400
182 369901900
182 180319100
182 267124500
182 605455900
182 255037500
182 323339300
182 111332200
182 248172600
182 350234000
182 700172300
182 306355800
182 209890100
182 802866000
182 256841400
182 225340500
182 134002300
182 225836800
182 120282300
182 1001446400
182 293344400
182 567268300
182 529641900
182 265989600
182 725961000
182 174804300
182 728614500
182 77813700
182 88644200
182 102201500
182 508715200
182 610664300
182 1069019400
182 331930500
182 181993000
182 472604800
182 186666300
182 187110900
182 84773800
182 144710400
182 224167500
182 500928000
182 147369200
182 316229500
182 633000900
182 170930500
182 318945600
182 288450300
182 283685000
182 165913600
182 283771700
182 111179000
182 185963100
182 343403600
182 627908300
182 237990100
182 193907300
182 197993900
182 387817600
182 351425500
182 265986400
182 157580300
182 778665600
182 11697200
182 76548300
182 123195100
182 294169300
182 217392400
182 158843700
182 430618000
182 188341000
182 495183900
182 170215300
182 564289800
182 194948500
182 273370000
182 273325600
182 74716400
182 234853200
182 234946900
182 1005039300
182 188019100
182 188618200
182 103877000
182 479049900
182 185800200
182 427082600
182 951765600
182 311724300
182 311111600
182 65145500
182 155907200
182 185346600
182 505241600
182 162877700
182 439518700
182 160050400
182 87498100
182 958203600
182 124878600
182 543658000
182 247538300
182 159343800
182 177993500
182 540017200
182 966702900
182 166204200
182 148419900
182 440407300
182 344306200
182 450200600
182 407228700
182 286464700
182 393338400
182 802763100
182 227676200
182 458179700
182 414328900
182 173526000
182 533188000
182 228987600
182 175464700
182 480676700
182 71774400
182 132290600
182 130415700
182 494021800
182 379014800
182 98845200
182 390498500
182 176559400
182 583587700
182 441016400
182 220189600
182 445368800
182 445654900
182 301909100
182 262846800
182 443515700
182 1177261900
182 261651000
182 519577700
182 242746300
182 242547900
182 180186800
182 1207809600
182 394006300
182 598272400
182 213983000
187 28074200
187 69716800
187 280418300
187 186469200
187 570538800
187 316772200
187 940678400
187 1048457600
187 206759200
187 681452300
187 224966000
187 330209100
187 165901200
187 608451800
187 197693000
187 604083500
187 339139000
187 1638466900
187 777914500
187 242265300
187 242576300
187 708248300
187 230248500
187 383652700
187 210085200
187 217942200
187 92911500
187 468746000
187 186179900
187 1341547000
187 401093200
187 195557200
187 1287404100
187 73561500
187 441563600
187 245154200
187 94268400
187 435470000
187 150034100
187 1116459700
187 431267300
187 192869800
187 1145827300
187 539987900
187 1323018300
187 220968500
187 735441500
187 666570300
187 199230500
187 1040786800
187 127571400
187 134566100
187 93978100
187 533915200
187 834406700
187 485902600
187 1286459000
187 208900700
187 122547800
187 247139800
187 281995400
187 646813300
187 398475300
187 956359700
187 238600700
187 354992500
187 584895700
187 558067500
187 229092400
187 585258900
187 159834900
187 191949500
187 501054600
187 732261500
187 534185500
187 887511700
187 477815000
187 249521000
187 451299900
187 201492900
187 105344800
187 312873600
187 193990100
187 883413000
187 230613500
187 1345433900
187 201778100
187 44592600
187 151672300
187 245801000
187 179882900
187 527361000
187 238591700
187 122982400
187 78789600
187 1590609000
187 180640700
187 652741100
187 1073749400
187 239827500
187 259648400
187 195210600
187 607661200
187 425377300
187 369159900
187 290105500
187 204151700
187 190447100
187 302045300
187 457669100
187 339232700
187 1195009700
187 570367500
187 200952400
187 87083800
187 1139160700
187 213712500
187 498824800
187 886285200
187 77686800
187 255266900
187 666917800
187 667568600
187 550502500
187 300081800
187 173181700
187 368652300
187 825014000
187 86829800
187 123069100
187 449926200
187 1075452100
187 188177200
187 338612100
187 36056400
187 141272300
187 60082100
187 100012100
187 432799900
187 974254200
187 346706800
187 1458414500
187 266245000
187 535251600
187 204482100
187 184271000
187 467275400
187 385055600
187 378060900
187 177936000
187 90100600
187 564567900
187 1308484900
187 203652700
187 56140400
187 459483500
187 642723100
187 183322800
187 379090600
187 276223400
187 178427100
187 214317200
187 378873700
187 863788000
187 202510000
187 366412800
187 155033000
187 94574400
187 162542500
187 270424300
187 954915500
187 185272700
187 388632000
187 685677400
187 319736500
187 320202700
187 179784200
187 116771900
187 91643400
187 767176400
187 794951700
187 215119900
187 609227100
187 83698300
187 219199000
187 382252400
187 220378300
192 76073700
192 200521300
192 186295000
192 315596500
192 512348700
192 181969800
192 695597700
192 416970300
192 115902200
192 215597200
192 328842100
192 282581100
192 280403300
192 193276400
192 1314311900
192 393928300
192 802537000
192 307188300
192 291936600
192 172111500
192 1162825700
192 107013500
192 96846900
192 116921700
192 355077200
192 688868800
192 277075700
192 203786800
192 729222200
192 439898800
192 192286800
192 415006400
192 374167600
192 154800200
192 657450700
192 122820200
192 226612500
192 202728000
192 421876600
192 362676000
192 462671300
192 1150124300
192 210387200
192 214589800
192 83781700
192 199973600
192 891923900
192 118164900
192 717391800
192 27693100
192 257137300
192 1175509300
192 184417800
192 429347700
192 675180400
192 272963000
192 261861300
192 579499800
192 177054500
192 116452900
192 974507100
192 213508900
192 185618600
192 1099156800
192 299715200
192 228184900
192 108898700
192 427131000
192 354921900
192 1697554600
192 390643300
192 281141700
192 1203681500
192 399298100
192 358195200
192 210765900
192 952644300
192 442637200
192 211299600
192 211734300
192 336024100
192 342604600
192 342205000
192 135378800
192 111254100
192 185013600
192 436263000
192 1306136000
192 133175500
192 205848400
192 339295600
192 73369900
192 184883700
192 1244147600
192 172739800
192 884363500
192 184263100
192 294782500
192 226872200
192 225904600
192 207616400
192 102827900
192 231049100
192 334280700
192 162347100
192 555840900
192 269436800
192 432641400
192 211507300
192 183723900
192 183812300
192 183890100
192 138085300
192 353123000
192 2004116000
192 209182800
192 494057800
192 376350400
192 179508200
192 467836900
192 1196434500
192 191453700
192 480749100
192 88558600
192 153327500
192 93479600
192 845685600
192 1384401900
192 735515800
192 597473400
192 379740900
192 188590700
192 295530600
192 664292100
192 275502100
192 167969200
192 201387600
192 303723500
192 213759800
192 1457148800
192 306581200
192 611726700
192 192569000
192 388520400
192 171428400
192 172073200
192 200547600
192 567318000
192 394449500
192 193101300
192 761387700
192 409356400
192 215423200
192 216465000
192 74978000
192 161311500
192 259800200
192 335978400
192 39854800
192 323719700
192 82234300
192 136227000
192 426153500
192 1098281800
192 276697400
192 339968700
192 146014200
192 813928500
192 214439800
192 291318400
192 719702600
192 587680500
192 177442300
192 172286900
192 341829500
192 169545400
192 699897300
192 210812600
192 313977000
192 336043000
192 1320034600
192 201453800
192 305281600
192 291933900
192 321190800
192 209180400
192 174489400
192 496199900
192 496771400
192 342244500
192 224626000
192 227079600
197 152735600
197 366536100
197 495516000
197 172453200
197 394764200
197 971792800
197 819168200
197 351113500
197 240234400
197 265627600
197 323303700
197 199273400
197 762839100
197 224480600
197 94497700
197 210763800
197 299408700
197 328246000
197 674452500
197 365827900
197 1043046900
197 600931600
197 234140700
197 370654600
197 92134800
197 215511100
197 308572300
197 308116800
197 130454200
197 123356700
197 87161500
197 560963800
197 214457700
197 561533200
197 2012452500
197 259051300
197 390126700
197 497913700
197 107275600
197 473351900
197 621914200
197 219362000
197 678652500
197 910001900
197 106726000
197 1470755000
197 424550000
197 270796400
197 92168800
197 142343500
197 746765100
197 229720600
197 1103863100
197 502673800
197 1879348700
197 443523700
197 283012800
197 375392900
197 1311489500
197 880721800
197 596257000
197 197568200
197 534810700
197 260959500
197 252669300
197 103195500
197 810873700
197 581768800
197 620748600
197 465749700
197 343568900
197 343167700
197 262547200
197 513516500
197 219566900
197 220178000
197 2456799700
197 853133200
197 344176900
197 455467600
197 681860500
197 588566400
197 207886500
197 201038600
197 635837100
197 635136800
197 88259800
197 135230900
197 643226400
197 237210300
197 283712700
197 155159900
197 276343600
197 217317900
197 610544200
197 334392700
197 80314400
197 232059900
197 1308082200
197 400717700
197 771199200
197 403305400
197 222120800
197 466707400
197 414615100
197 206013200
197 454565400
197 1172731900
197 249011300
197 213662300
197 669305400
197 214178200
197 125237200
197 460398200
197 198107900
197 508358100
197 475804500
197 390347200
197 1055912900
197 546831300
197 285480000
197 274682700
197 208710000
197 728936900
197 275271200
197 89767700
197 174240600
197 95006200
197 389728800
197 210566800
197 481027300
197 77106800
197 764946200
197 227627300
197 511493300
197 239215900
197 240252300
197 962613700
197 210628600
197 1096641300
197 422159500
197 218267000
197 23420700
197 436007900
197 190835800
197 858866400
197 436507800
197 200320000
197 200484900
197 199242200
197 139186800
197 419967400
197 290091500
197 262175900
197 233357300
197 209827900
197 322236400
197 271246300
197 223898300
197 92534700
197 205511100
197 209937700
197 416737000
197 199313000
197 200078100
197 562453100
197 53463400
197 124967000
197 172251000
197 391313200
197 41384300
197 1993379300
197 89103000
197 121088800
197 649718500
197 691741700
197 229311800
197 1313426000
197 226682400
197 61752300
197 883601600
197 480482000
197 407980700
197 216781200
197 45432400
197 434614000
197 340644100
197 1492760600
197 267402800
197 272668400
197 317915500
197 836494300
197 890732300
197 316900300
197 415365500
197 417852100
197 241129700
202 137075700
202 288678600
202 555534700
202 265788600
202 555682300
202 221321200
202 754262400
202 490711200
202 201763900
202 631508200
202 244695100
202 1206470500
202 157940100
202 800041100
202 540587400
202 489617400
202 246215700
202 1544316700
202 326829600
202 542666500
202 542875700
202 85022500
202 523594200
202 558681800
202 621905100
202 1347143500
202 629438000
202 229157700
202 468826400
202 335095300
202 335209700
202 448208400
202 482694100
202 298095500
202 385437800
202 211710100
202 623707400
202 847329300
202 128701100
202 483384500
202 104487700
202 477834900
202 1070650100
202 239281100
202 240380200
202 240685400
202 827120400
202 189891600
202 1670941600
202 411285200
202 498190400
202 252883100
202 435069700
202 931295400
202 435883000
202 1292202100
202 514704000
202 217690100
202 478959100
202 479152400
202 105592800
202 348565900
202 242220900
202 348422000
202 976110000
202 403385400
202 403467100
202 150471100
202 480896300
202 287397400
202 606805000
202 675542700
202 1230857500
202 219573200
202 186733800
202 300751900
202 335845800
202 523267600
202 947145100
202 218224300
202 561822800
202 138748400
202 157815600
202 693777100
202 1466043700
202 383217300
202 1377021900
202 133605200
202 148872700
202 200092500
202 617933300
202 135650200
202 173494800
202 1162826100
202 233767100
202 544539800
202 220747600
202 289139900
202 1885670800
202 211438700
202 280603800
202 228269300
202 249702600
202 718796500
202 240020300
202 1221930300
202 964306500
202 466691400
202 109619400
202 799514800
202 955402600
202 147849600
202 1077623200
202 845019400
202 251669000
202 162406600
202 657768100
202 1408184600
202 1103822800
202 112652500
202 629012000
202 377063500
202 732467100
202 473652100
202 465348100
202 222676300
202 1183304200
202 252680400
202 696360600
202 220096200
202 473537600
202 219167100
202 693654700
202 219370300
202 186373300
202 185938900
202 578472300
202 230696000
202 639158200
202 452550100
202 131495900
202 266005400
202 720049000
202 632536400
202 350100200
202 215827500
202 232825900
202 904391600
202 454299800
202 415206300
202 254092200
202 291407700
202 893941000
202 350849800
202 1092048900
202 2677525300
202 154982300
202 565467800
202 457520300
202 230077000
202 168781500
202 1188250700
202 433099200
202 1447786300
202 1080641700
202 110483300
202 216799000
202 316543500
202 433131000
202 326312500
202 442470300
202 215340700
202 1129573000
202 351657100
202 772731400
202 556518000
202 290377500
202 231864400
202 279886100
202 78691700
202 107489600
202 252444300
202 806795200
202 717836100
202 278369400
202 422737200
202 1674982800
202 301013300
202 211006100
202 513543700
202 609800200
202 365961100
202 366598000
202 207297300
202 1596358000
202 211554800
202 504512000
202 201645600
202 795445200
202 294861600
202 499781900
202 1247971200
207 270876400
207 280617500
207 281341500
207 372627800
207 540383700
207 665803900
207 229093000
207 1177321400
207 522181700
207 245741100
207 245886200
207 600941000
207 157668700
207 344742200
207 503133300
207 130029100
207 1184514600
207 433327000
207 938189400
207 139901500
207 324822000
207 318568800
207 126189400
207 1189347400
207 884824200
207 272283700
207 833365600
207 133399200
207 964801500
207 112222600
207 240208100
207 821566200
207 333112000
207 409813600
207 1429219200
207 1231747500
207 357135100
207 548940800
207 389126200
207 483976300
207 1564278500
207 809782200
207 2134106300
207 2823087400
207 1366893600
207 714861200
207 524994900
207 2129635200
207 108205300
207 1343764000
207 585799100
207 2838615200
2 30800
